+000000000500000000100                                                          
-000000000500000000100                                                          
+000009184700000000100                                                          
+000009000000000000100                                                          
+000000000100000000100                                                          
+000000000400000000100                                                          
+000000000900000000100                                                          
+000000001600000000100                                                          
+333136752400000000100                                                          
+000000003633300000100                                                          
-000000000100000000100                                                          
-000000000400000000100                                                          
-000000000900000000100                                                          
-000000001600000000100                                                          
-333136752400000000100                                                          
-000000003633300000100                                                          
+000000547600000000100                                                          
+000000828100000000100                                                          
+000000980100000000100                                                          
+000000176400000000100                                                          
+000000422500000000100                                                          
+999999999900000000100                                                          
+999999999999999900100                                                          
+000000000000000000100                                                          
+000000000500000000001                                                          
-000000000500000000001                                                          
+000009184700000000001                                                          
+000009000000000000001                                                          
+000000000100000000001                                                          
+000000000400000000001                                                          
+000000000900000000001                                                          
+000000001600000000001                                                          
+333136752400000000001                                                          
+000000003633300000001                                                          
-000000000100000000001                                                          
-000000000400000000001                                                          
-000000000900000000001                                                          
-000000001600000000001                                                          
-333136752400000000001                                                          
-000000003633300000001                                                          
+000000547600000000001                                                          
+000000828100000000001                                                          
+000000980100000000001                                                          
+000000176400000000001                                                          
+000000422500000000001                                                          
+999999999900000000001                                                          
+999999999999999900001                                                          
+000000000000000000001                                                          
