  key 
  plain 
 key 
 0 0 0 0 0 0 0 1 0 0 1 0 0 0 1 1
 0 1 0 0 0 1 0 1 0 1 1 0 0 1 1 1
 1 0 0 0 1 0 0 1 1 0 1 0 1 0 1 1
 1 1 0 0 1 1 0 1 1 1 1 0 1 1 1 1
 1 1 1 1 1 1 1 0 1 1 0 1 1 1 0 0
 1 0 1 1 1 0 1 0 1 0 0 1 1 0 0 0
 0 1 1 1 0 1 1 0 0 1 0 1 0 1 0 0
 0 0 1 1 0 0 1 0 0 0 0 1 0 0 0 0
 plain 
 1 0 1 0 1 0 1 0 1 0 1 0 1 0 1 0
 1 0 1 0 1 0 1 0 1 0 1 0 1 0 1 0
 1 0 1 0 1 0 1 0 1 0 1 0 1 0 1 0
 1 0 1 0 1 0 1 0 1 0 1 0 1 0 1 0
 1 0 1 1 1 0 1 1 1 0 1 1 1 0 1 1
 1 0 1 1 1 0 1 1 1 0 1 1 1 0 1 1
 1 0 1 1 1 0 1 1 1 0 1 1 1 0 1 1
 1 0 1 1 1 0 1 1 1 0 1 1 1 0 1 1
 plain 
 1 0 1 0 1 0 1 0 1 0 1 0 1 0 1 0
 1 0 1 0 1 0 1 0 1 0 1 0 1 0 1 0
 1 0 1 0 1 0 1 0 1 0 1 0 1 0 1 0
 1 0 1 0 1 0 1 0 1 0 1 0 1 0 1 0
 1 0 1 1 1 0 1 1 1 0 1 1 1 0 1 1
 1 0 1 1 1 0 1 1 1 0 1 1 1 0 1 1
 1 0 1 1 1 0 1 1 1 0 1 1 1 0 1 1
 1 0 1 1 1 0 1 1 1 0 1 1 1 0 1 1
  key 
 0123456789ABCDEFFEDCBA9876543210
  plain 
 AAAAAAAAAAAAAAAABBBBBBBBBBBBBBBB
 PASS
