 0 0 1 0 0 0 1 1 1 0 0 0 1 0 1 0
 0 0 1 1 1 0 0 0 1 0 1 1 0 0 1 0
 1 0 0 0 1 1 0 1 0 0 1 1 1 0 0 0
 1 1 1 0 0 0 1 0 0 1 1 1 0 0 1 1
 1 1 1 1 0 1 0 0 1 0 0 0 0 0 1 0
 1 0 0 0 0 0 1 1 1 0 0 0 0 1 0 0
 0 1 1 1 0 0 1 0 1 0 0 0 1 0 1 0
 1 0 1 1 1 0 0 0 0 1 0 0 0 1 1 1
 1 0 1 0 1 0 1 0 1 0 1 0 1 0 1 1
 1 0 1 1 1 0 1 1 1 0 1 0 1 0 1 1
 1 0 1 0 1 0 1 1 1 0 1 1 1 0 1 0
 1 0 1 1 1 0 1 0 1 0 1 1 1 0 1 1
 1 0 1 1 1 0 1 1 1 0 1 0 1 0 1 1
 1 1 0 0 1 1 0 1 1 1 1 1 1 0 1 0
 1 1 0 1 1 1 1 1 1 0 1 0 1 1 1 1
 1 1 0 1 1 1 1 1 1 0 1 0 1 0 1 0
 1 0 1 0 1 0 1 0 1 0 1 0 1 0 1 1
 1 0 1 1 1 0 1 1 1 0 1 0 1 0 1 1
 1 0 1 0 1 0 1 1 1 0 1 1 1 0 1 0
 1 0 1 1 1 0 1 0 1 0 1 1 1 0 1 1
 1 0 1 1 1 0 1 1 1 0 1 0 1 0 1 1
 1 1 0 0 1 1 0 1 1 1 1 1 1 0 1 0
 1 1 0 1 1 1 1 1 1 0 1 0 1 1 1 1
 1 1 0 1 1 1 1 1 1 0 1 0 1 0 1 0
 238A38B28D38E273F4828384728AB847
 AAABBBABABBABABBBBABCDFADFAFDFAA
